R=120;
L=0.004;
C=0.0000001;
